<!DOCTYPE html>
<html lang="en">
<head>
  <meta charset="UTF-8">
  <title>SVG Quarters</title>
  <meta name="viewport" content="width=device-width, initial-scale=1.0">
  <link rel="stylesheet" href="style.css">
</head>
<body>
  <div class="wrapper">
    <div class="controls">
      <h1>SVG Quarters</h1>
      <div class="control-group">
        <label for="waveOffset">Wave Offset <span id="waveOffsetVal">0.1</span></label>
        <input type="range" name="waveOffset" id="waveOffset" value="0.1" step="0.1" max="3" min="-3">
      </div>
      <div class="control-group">
        <label for="gridScale">Grid Scale <span id="scaleOffsetVal">2.25</span></label>
        <input type="range" name="gridScale" id="gridScale" value="2.25" step="0.25" max="3" min="0">
      </div>
      <p class="desc">An experiment in SVG, SMIL animation and generative JavaScript.</p>
      <p><a href="http://brennaobrien.com">made by Brenna</a></p>
      <p><a href="http://github.com/brenna/svg-quarters">fork me on GitHub</a></p>
    </div>
    <svg viewBox="0 0 20 20" id="surface">
      <g id="circle">
        <path class="north">
          <animate
            attributeName="d"
            dur="3"
            keyTimes="0;0.1;0.4;0.6;0.9;1"
            repeatCount="indefinite"
            values="
            M 10 10
            q 0.3536 -0.3536 0.7071 -0.7071
            q -0.3 -0.2929 -0.7071 -0.2929
            q -0.4 0 -0.7071 0.2929
            q 0.3536 0.3536 0.7071 0.7071;

            M 10 10
            q 0.3536 -0.3536 0.7071 -0.7071
            q -0.3 -0.2929 -0.7071 -0.2929
            q -0.4 0 -0.7071 0.2929
            q 0.3536 0.3536 0.7071 0.7071;

            M 10 8.75
            q 0.4 0 0.7071 -0.2929
            q -0.3536 -0.3536 -0.7071 -0.7071
            q -0.3536 0.3536 -0.7071 0.7071
            q 0.3 0.2929 0.7071 0.2929;

            M 10 8.75
            q 0.4 0 0.7071 -0.2929
            q -0.3536 -0.3536 -0.7071 -0.7071
            q -0.3536 0.3536 -0.7071 0.7071
            q 0.3 0.2929 0.7071 0.2929;

            M 10 10
            q 0.3536 -0.3536 0.7071 -0.7071
            q -0.3 -0.2929 -0.7071 -0.2929
            q -0.4 0 -0.7071 0.2929
            q 0.3536 0.3536 0.7071 0.7071;

            M 10 10
            q 0.3536 -0.3536 0.7071 -0.7071
            q -0.3 -0.2929 -0.7071 -0.2929
            q -0.4 0 -0.7071 0.2929
            q 0.3536 0.3536 0.7071 0.7071
           ">
        </path>
        <path class="east">
          <animate
            attributeName="d"
            dur="3"
            keyTimes="0;0.1;0.4;0.6;0.9;1"
            repeatCount="indefinite"
            values="
            M 10 10
            q 0.3536 -0.3536 0.7071 -0.7071
            q 0.2929 0.3 0.2929 0.7071
            q 0 0.4 -0.2929 0.7071
            q -0.3536 -0.3536 -0.7071 -0.7071;

            M 10 10
            q 0.3536 -0.3536 0.7071 -0.7071
            q 0.2929 0.3 0.2929 0.7071
            q 0 0.4 -0.2929 0.7071
            q -0.3536 -0.3536 -0.7071 -0.7071;

            M 11.25 10
            q 0 -0.4 0.2929 -0.7071
            q 0.3536 0.3536 0.7071 0.7071
            q -0.3536 0.3536 -0.7071 0.7071
            q -0.2929 -0.3 -0.2929 -0.7071;

            M 11.25 10
            q 0 -0.4 0.2929 -0.7071
            q 0.3536 0.3536 0.7071 0.7071
            q -0.3536 0.3536 -0.7071 0.7071
            q -0.2929 -0.3 -0.2929 -0.7071;

            M 10 10
            q 0.3536 -0.3536 0.7071 -0.7071
            q 0.2929 0.3 0.2929 0.7071
            q 0 0.4 -0.2929 0.7071
            q -0.3536 -0.3536 -0.7071 -0.7071;

            M 10 10
            q 0.3536 -0.3536 0.7071 -0.7071
            q 0.2929 0.3 0.2929 0.7071
            q 0 0.4 -0.2929 0.7071
            q -0.3536 -0.3536 -0.7071 -0.7071
           ">
        </path>
        <path class="south">
          <animate
            attributeName="d"
            dur="3"
            keyTimes="0;0.1;0.4;0.6;0.9;1"
            repeatCount="indefinite"
            values="
            M 10 10
            q -0.3536 0.3536 -0.7071 0.7071
            q 0.3 0.2929 0.7071 0.2929
            q 0.4 0 0.7071 -0.2929
            q -0.3536 -0.3536 -0.7071 -0.7071;

            M 10 10
            q -0.3536 0.3536 -0.7071 0.7071
            q 0.3 0.2929 0.7071 0.2929
            q 0.4 0 0.7071 -0.2929
            q -0.3536 -0.3536 -0.7071 -0.7071;

            M 10 11.25
            q -0.4 0 -0.7071 0.2929
            q 0.3536 0.3536 0.7071 0.7071
            q 0.3536 -0.3536 0.7071 -0.7071
            q -0.3 -0.2929 -0.7071 -0.2929;

            M 10 11.25
            q -0.4 0 -0.7071 0.2929
            q 0.3536 0.3536 0.7071 0.7071
            q 0.3536 -0.3536 0.7071 -0.7071
            q -0.3 -0.2929 -0.7071 -0.2929;

            M 10 10
            q -0.3536 0.3536 -0.7071 0.7071
            q 0.3 0.2929 0.7071 0.2929
            q 0.4 0 0.7071 -0.2929
            q -0.3536 -0.3536 -0.7071 -0.7071;

            M 10 10
            q -0.3536 0.3536 -0.7071 0.7071
            q 0.3 0.2929 0.7071 0.2929
            q 0.4 0 0.7071 -0.2929
            q -0.3536 -0.3536 -0.7071 -0.7071
          ">
        </path>
        <path class="west">
          <animate
            attributeName="d"
            dur="3"
            keyTimes="0;0.1;0.4;0.6;0.9;1"
            repeatCount="indefinite"
            values="
            M 10 10
            q -0.3536 0.3536 -0.7071 0.7071
            q -0.2929 -0.3 -0.2929 -0.7071
            q 0 -0.4 0.2929 -0.7071
            q 0.3536 0.3536 0.7071 0.7071;

            M 10 10
            q -0.3536 0.3536 -0.7071 0.7071
            q -0.2929 -0.3 -0.2929 -0.7071
            q 0 -0.4 0.2929 -0.7071
            q 0.3536 0.3536 0.7071 0.7071;

            M 8.75 10
            q 0 0.4 -0.2929 0.7071
            q -0.3536 -0.3536 -0.7071 -0.7071
            q 0.3536 -0.3536 0.7071 -0.7071
            q 0.2929 0.3 0.2929 0.7071;

            M 8.75 10
            q 0 0.4 -0.2929 0.7071
            q -0.3536 -0.3536 -0.7071 -0.7071
            q 0.3536 -0.3536 0.7071 -0.7071
            q 0.2929 0.3 0.2929 0.7071;

            M 10 10
            q -0.3536 0.3536 -0.7071 0.7071
            q -0.2929 -0.3 -0.2929 -0.7071
            q 0 -0.4 0.2929 -0.7071
            q 0.3536 0.3536 0.7071 0.7071;

            M 10 10
            q -0.3536 0.3536 -0.7071 0.7071
            q -0.2929 -0.3 -0.2929 -0.7071
            q 0 -0.4 0.2929 -0.7071
            q 0.3536 0.3536 0.7071 0.7071
          ">
        </path>
       </g>
    </svg>
  </div>
  <script src="quarters.js"></script>
</body>
</html>